

0.76534319  0.48125845 -0.63209867  2.77791431 -1.69733106 -0.53275881
 -0.43461258 -0.63656735 -1.02018925 -0.5850441   4.49304547  2.91567656
 -0.66502199 -4.51534519 -1.68419515  2.07888436 -0.85699701  0.59714828
 -1.01672153  0.72346818 -4.01211072 -3.7719032  -0.11099882 -0.38232079
 -0.42071292  0.68546536 -1.00766962  0.92552319  1.10247015 -0.70626829
  0.87556019 -1.5145849   1.48542425  0.82551727  3.66511434  0.67833065
 -0.75892984 -0.09912734  0.19785332 -0.50774971  5.68208836  0.89943986
  1.1902299   0.06735182  1.21466902 -0.20977051  0.8500937   0.63968624
  2.97873111 -0.54113725  1.55626416  0.39751661 -3.98884238 -7.76026976
 -4.77174079  0.50932412 -1.09175049  4.38138571  2.48820463 -0.78570015]   == 0.0072200261



[ 0.75792019  0.86977968 -0.51927842  2.11125397 -1.81428044 -0.03368247
 -0.15077494 -0.25597997 -0.94158144 -0.36175287  4.35511699  2.80568269
 -0.50896565 -3.62484757 -1.60544425  1.9636773  -0.67668337  0.14271515
 -1.44428452  0.73402854 -4.03330268 -3.40760831 -0.50189855 -0.33875817
 -0.49365495  0.50312012 -1.15027815  0.85643273  0.82014418 -0.54740804
  0.51608254 -2.38130195  1.38643326  0.75624672  3.78086119  0.47648715
 -0.10959713 -0.48687418  0.39717681 -0.40047299  5.34094929  0.92941401
  1.13030234  0.17920671  1.38169121  0.12983415  0.67739343  0.92636752
  2.93517052 -0.64917051  1.33185252  1.06825536 -4.71950528 -8.09316072
 -5.30397323  1.0263012  -1.13255201  4.90482193  2.25860307 -1.09769921] === 0.006103



[ 0.45494781  0.398877   -0.49088865  2.21968346 -1.81947117  0.01348969
  0.07511171 -0.54387489 -0.8522764  -0.2142072   5.06647819  2.98150778
 -0.63245962 -3.6239336  -1.38986326  2.04883935 -0.60491963  0.37067715
 -1.51330035  0.40049971 -4.15615538 -3.38827786 -0.40174751 -0.24647284
 -0.75586469  1.00512142 -1.35338031  0.64199832  0.65865853 -0.31366189
  0.36884998 -2.72938645  1.77658762  0.82106122  3.58490617  0.44141383
 -0.29302356 -0.27587464  0.30332844 -0.36281767  5.11589794  1.01548555
  1.19352796  0.22047752  1.29026105  0.19816266  0.71752297  1.22588025
  2.81476367 -0.65293464  1.36919827  0.98847577 -4.88108021 -8.508531
 -5.62094304  1.64916103 -1.16232411  4.72163784  2.24575793 -1.38254079] == 0.005600




[ 0.22732605,  0.60594378, -0.53397085,  1.97149877, -1.61271919, -0.05112747,
  0.04634387, -0.4456798 , -0.81550676, -0.21051326,  5.04612064,  3.00219936,
 -0.40178977, -3.28596222, -1.31504845,  2.42888807, -0.67081096,  0.42816237,
 -1.56779487,  0.54352442, -4.03145214, -3.44271256, -0.29516581, -0.29075044,
 -0.88802753,  1.54412781, -1.52685662,  0.60755326,  0.41604066, -0.3979527,
  0.32301903, -2.86241736,  1.71912793,  1.07426621,  3.72690253,  0.40223908,
 -0.27880456, -0.2707871 ,  0.29522614, -0.29770043,  4.81962864,  1.08675107,
  1.33410279,  0.13162074,  1.11945233, -0.34001454,  0.93838318,  1.41671253,
  2.68114839, -0.5981243 ,  1.61123242,  0.56857014, -5.09159059, -8.35409969,
 -5.69767567,  2.29013834, -1.23500638,  4.5304992 ,  2.25001022, -1.79159658] == 0.004951